23571113171923293137414347535961677173798389971011031071091131271311371391491511571631671731791811911931971992112232272292332392412512572632692712772812832933073113133173313373473493533593673733793833893974014094194214314334394434494574614634674794874914995035095215235415475575635695715775875935996016076136176196316416436476536596616736776836917017092 0
3 0
3 1
4 1
5 0
5 1
5 2
6 1
6 2
7 0
7 2
8 2
9 2
10 2
11 0
11 1
11 2
11 3
12 1
12 2
12 3
13 0
13 2
13 3
14 2
14 3
15 2
15 3
16 2
16 3
17 0
17 1
17 3
18 1
18 3
19 0
19 3
20 3
21 3
22 3
23 0
23 3
24 3
25 3
26 3
27 3
28 3
29 0
29 3
30 3
31 0
31 1
31 2
31 3
31 4
32 1
32 2
32 3
32 4
33 1
33 2
33 3
33 4
34 1
34 2
34 3
34 4
35 1
35 2
35 3
35 4
36 1
36 2
36 3
36 4
37 0
37 2
37 3
37 4
38 2
38 3
38 4
39 2
39 3
39 4
40 2
40 3
40 4
41 0
41 1
41 3
41 4
42 1
42 3
42 4
43 0
43 3
43 4
44 3
44 4
45 3
45 4
46 3
46 4
47 0
47 3
47 4
48 3
48 4
49 3
49 4
50 3
50 4
51 3
51 4
52 3
52 4
53 0
53 3
53 4
54 3
54 4
55 3
55 4
56 3
56 4
57 3
57 4
58 3
58 4
59 0
59 1
59 2
59 4
60 1
60 2
60 4
61 0
61 2
61 4
62 2
62 4
63 2
63 4
64 2
64 4
65 2
65 4
66 2
66 4
67 0
67 1
67 4
68 1
68 4
69 1
69 4
70 1
70 4
71 0
71 4
72 4
73 0
73 4
74 4
75 4
76 4
77 4
78 4
79 0
79 4
80 4
81 4
82 4
83 0
83 1
83 4
84 1
84 4
85 1
85 4
86 1
86 4
87 1
87 4
88 1
88 4
89 0
89 4
90 4
91 4
92 4
93 4
94 4
95 4
96 4
97 0
97 4
98 4
99 4
100 4
101 0
101 4
102 4
103 0
103 4
104 4
105 4
106 4
107 0
107 4
108 4
109 0
109 1
109 4
110 1
110 4
111 1
111 4
112 1
112 4
113 0
113 4
114 4
115 4
116 4
117 4
118 4
119 4
120 4
121 4
122 4
123 4
124 4
125 4
126 4
127 0
127 1
127 2
127 3
127 4
127 5
128 1
128 2
128 3
128 4
128 5
129 1
129 2
129 3
129 4
129 5
130 1
130 2
130 3
130 4
130 5
131 0
131 2
131 3
131 4
131 5
132 2
132 3
132 4
132 5
133 2
133 3
133 4
133 5
134 2
134 3
134 4
134 5
135 2
135 3
135 4
135 5
136 2
136 3
136 4
136 5
137 0
137 2
137 3
137 4
137 5
138 2
138 3
138 4
138 5
139 0
139 2
139 3
139 4
139 5
140 2
140 3
140 4
140 5
141 2
141 3
141 4
141 5
142 2
142 3
142 4
142 5
143 2
143 3
143 4
143 5
144 2
144 3
144 4
144 5
145 2
145 3
145 4
145 5
146 2
146 3
146 4
146 5
147 2
147 3
147 4
147 5
148 2
148 3
148 4
148 5
149 0
149 2
149 3
149 4
149 5
150 2
150 3
150 4
150 5
151 0
151 2
151 3
151 4
151 5
152 2
152 3
152 4
152 5
153 2
153 3
153 4
153 5
154 2
154 3
154 4
154 5
155 2
155 3
155 4
155 5
156 2
156 3
156 4
156 5
157 0
157 1
157 3
157 4
157 5
158 1
158 3
158 4
158 5
159 1
159 3
159 4
159 5
160 1
160 3
160 4
160 5
161 1
161 3
161 4
161 5
162 1
162 3
162 4
162 5
163 0
163 3
163 4
163 5
164 3
164 4
164 5
165 3
165 4
165 5
166 3
166 4
166 5
167 0
167 3
167 4
167 5
168 3
168 4
168 5
169 3
169 4
169 5
170 3
170 4
170 5
171 3
171 4
171 5
172 3
172 4
172 5
173 0
173 3
173 4
173 5
174 3
174 4
174 5
175 3
175 4
175 5
176 3
176 4
176 5
177 3
177 4
177 5
178 3
178 4
178 5
179 0
179 1
179 2
179 4
179 5
180 1
180 2
180 4
180 5
181 0
181 2
181 4
181 5
182 2
182 4
182 5
183 2
183 4
183 5
184 2
184 4
184 5
185 2
185 4
185 5
186 2
186 4
186 5
187 2
187 4
187 5
188 2
188 4
188 5
189 2
189 4
189 5
190 2
190 4
190 5
191 0
191 1
191 4
191 5
192 1
192 4
192 5
193 0
193 4
193 5
194 4
194 5
195 4
195 5
196 4
196 5
197 0
197 4
197 5
198 4
198 5
199 0
199 4
199 5
200 4
200 5
201 4
201 5
202 4
202 5
203 4
203 5
204 4
204 5
205 4
205 5
206 4
206 5
207 4
207 5
208 4
208 5
209 4
209 5
210 4
210 5
211 0
211 1
211 4
211 5
212 1
212 4
212 5
213 1
213 4
213 5
214 1
214 4
214 5
215 1
215 4
215 5
216 1
216 4
216 5
217 1
217 4
217 5
218 1
218 4
218 5
219 1
219 4
219 5
220 1
220 4
220 5
221 1
221 4
221 5
222 1
222 4
222 5
223 0
223 4
223 5
224 4
224 5
225 4
225 5
226 4
226 5
227 0
227 4
227 5
228 4
228 5
229 0
229 4
229 5
230 4
230 5
231 4
231 5
232 4
232 5
233 0
233 4
233 5
234 4
234 5
235 4
235 5
236 4
236 5
237 4
237 5
238 4
238 5
239 0
239 4
239 5
240 4
240 5
241 0
241 1
241 4
241 5
242 1
242 4
242 5
243 1
243 4
243 5
244 1
244 4
244 5
245 1
245 4
245 5
246 1
246 4
246 5
247 1
247 4
247 5
248 1
248 4
248 5
249 1
249 4
249 5
250 1
250 4
250 5
251 0
251 4
251 5
252 4
252 5
253 4
253 5
254 4
254 5
255 4
255 5
256 4
256 5
257 0
257 4
257 5
258 4
258 5
259 4
259 5
260 4
260 5
261 4
261 5
262 4
262 5
263 0
263 4
263 5
264 4
264 5
265 4
265 5
266 4
266 5
267 4
267 5
268 4
268 5
269 0
269 4
269 5
270 4
270 5
271 0
271 4
271 5
272 4
272 5
273 4
273 5
274 4
274 5
275 4
275 5
276 4
276 5
277 0
277 1
277 2
277 3
277 5
278 1
278 2
278 3
278 5
279 1
279 2
279 3
279 5
280 1
280 2
280 3
280 5
281 0
281 2
281 3
281 5
282 2
282 3
282 5
283 0
283 1
283 3
283 5
284 1
284 3
284 5
285 1
285 3
285 5
286 1
286 3
286 5
287 1
287 3
287 5
288 1
288 3
288 5
289 1
289 3
289 5
290 1
290 3
290 5
291 1
291 3
291 5
292 1
292 3
292 5
293 0
293 3
293 5
294 3
294 5
295 3
295 5
296 3
296 5
297 3
297 5
298 3
298 5
299 3
299 5
300 3
300 5
301 3
301 5
302 3
302 5
303 3
303 5
304 3
304 5
305 3
305 5
306 3
306 5
307 0
307 3
307 5
308 3
308 5
309 3
309 5
310 3
310 5
311 0
311 3
311 5
312 3
312 5
313 0
313 3
313 5
314 3
314 5
315 3
315 5
316 3
316 5
317 0
317 3
317 5
318 3
318 5
319 3
319 5
320 3
320 5
321 3
321 5
322 3
322 5
323 3
323 5
324 3
324 5
325 3
325 5
326 3
326 5
327 3
327 5
328 3
328 5
329 3
329 5
330 3
330 5
331 0
331 1
331 2
331 5
332 1
332 2
332 5
333 1
333 2
333 5
334 1
334 2
334 5
335 1
335 2
335 5
336 1
336 2
336 5
337 0
337 2
337 5
338 2
338 5
339 2
339 5
340 2
340 5
341 2
341 5
342 2
342 5
343 2
343 5
344 2
344 5
345 2
345 5
346 2
346 5
347 0
347 2
347 5
348 2
348 5
349 0
349 2
349 5
350 2
350 5
351 2
351 5
352 2
352 5
353 0
353 1
353 5
354 1
354 5
355 1
355 5
356 1
356 5
357 1
357 5
358 1
358 5
359 0
359 5
360 5
361 5
362 5
363 5
364 5
365 5
366 5
367 0
367 1
367 5
368 1
368 5
369 1
369 5
370 1
370 5
371 1
371 5
372 1
372 5
373 0
373 5
374 5
375 5
376 5
377 5
378 5
379 0
379 5
380 5
381 5
382 5
383 0
383 5
384 5
385 5
386 5
387 5
388 5
389 0
389 5
390 5
391 5
392 5
393 5
394 5
395 5
396 5
397 0
397 5
398 5
399 5
400 5
401 0
401 1
401 5
402 1
402 5
403 1
403 5
404 1
404 5
405 1
405 5
406 1
406 5
407 1
407 5
408 1
408 5
409 0
409 5
410 5
411 5
412 5
413 5
414 5
415 5
416 5
417 5
418 5
419 0
419 5
420 5
421 0
421 5
422 5
423 5
424 5
425 5
426 5
427 5
428 5
429 5
430 5
431 0
431 1
431 2
431 5
432 1
432 2
432 5
433 0
433 2
433 5
434 2
434 5
435 2
435 5
436 2
436 5
437 2
437 5
438 2
438 5
439 0
439 2
439 5
440 2
440 5
441 2
441 5
442 2
442 5
443 0
443 2
443 5
444 2
444 5
445 2
445 5
446 2
446 5
447 2
447 5
448 2
448 5
449 0
449 2
449 5
450 2
450 5
451 2
451 5
452 2
452 5
453 2
453 5
454 2
454 5
455 2
455 5
456 2
456 5
457 0
457 2
457 5
458 2
458 5
459 2
459 5
460 2
460 5
461 0
461 1
461 5
462 1
462 5
463 0
463 5
464 5
465 5
466 5
467 0
467 5
468 5
469 5
470 5
471 5
472 5
473 5
474 5
475 5
476 5
477 5
478 5
479 0
479 5
480 5
481 5
482 5
483 5
484 5
485 5
486 5
487 0
487 5
488 5
489 5
490 5
491 0
491 5
492 5
493 5
494 5
495 5
496 5
497 5
498 5
499 0
499 5
500 5
501 5
502 5
503 0
503 5
504 5
505 5
506 5
507 5
508 5
509 0
509 1
509 5
510 1
510 5
511 1
511 5
512 1
512 5
513 1
513 5
514 1
514 5
515 1
515 5
516 1
516 5
517 1
517 5
518 1
518 5
519 1
519 5
520 1
520 5
521 0
521 5
522 5
523 0
523 5
524 5
525 5
526 5
527 5
528 5
529 5
530 5
531 5
532 5
533 5
534 5
535 5
536 5
537 5
538 5
539 5
540 5
541 0
541 5
542 5
543 5
544 5
545 5
546 5
547 0
547 1
547 5
548 1
548 5
549 1
549 5
550 1
550 5
551 1
551 5
552 1
552 5
553 1
553 5
554 1
554 5
555 1
555 5
556 1
556 5
557 0
557 5
558 5
559 5
560 5
561 5
562 5
563 0
563 1
563 5
564 1
564 5
565 1
565 5
566 1
566 5
567 1
567 5
568 1
568 5
569 0
569 5
570 5
571 0
571 5
572 5
573 5
574 5
575 5
576 5
577 0
577 5
578 5
579 5
580 5
581 5
582 5
583 5
584 5
585 5
586 5
587 0
587 1
587 5
588 1
588 5
589 1
589 5
590 1
590 5
591 1
591 5
592 1
592 5
593 0
593 5
594 5
595 5
596 5
597 5
598 5
599 0
599 1
599 2
599 5
600 1
600 2
600 5
601 0
601 2
601 5
602 2
602 5
603 2
603 5
604 2
604 5
605 2
605 5
606 2
606 5
607 0
607 2
607 5
608 2
608 5
609 2
609 5
610 2
610 5
611 2
611 5
612 2
612 5
613 0
613 2
613 5
614 2
614 5
615 2
615 5
616 2
616 5
617 0
617 1
617 5
618 1
618 5
619 0
619 5
620 5
621 5
622 5
623 5
624 5
625 5
626 5
627 5
628 5
629 5
630 5
631 0
631 5
632 5
633 5
634 5
635 5
636 5
637 5
638 5
639 5
640 5
641 0
641 5
642 5
643 0
643 5
644 5
645 5
646 5
647 0
647 5
648 5
649 5
650 5
651 5
652 5
653 0
653 5
654 5
655 5
656 5
657 5
658 5
659 0
659 5
660 5
661 0
661 5
662 5
663 5
664 5
665 5
666 5
667 5
668 5
669 5
670 5
671 5
672 5
673 0
673 5
674 5
675 5
676 5
677 0
677 5
678 5
679 5
680 5
681 5
682 5
683 0
683 5
684 5
685 5
686 5
687 5
688 5
689 5
690 5
691 0
691 5
692 5
693 5
694 5
695 5
696 5
697 5
698 5
699 5
700 5
701 0
701 5
702 5
703 5
704 5
705 5
706 5
707 5
708 5
709 0
709 1
709 2
709 3
709 4
709 5
709 6
2 01000000
3 00100000
4 10100000
5 00010000
6 10010000
7 01010000
8 11010000
9 11010000
10 11010000
11 00001000
12 10001000
13 01001000
14 11001000
15 11001000
16 11001000
17 00101000
18 10101000
19 01101000
20 11101000
21 11101000
22 11101000
23 01101000
24 11101000
25 11101000
26 11101000
27 11101000
28 11101000
29 01101000
30 11101000
31 00000100
32 10000100
33 10000100
34 10000100
35 10000100
36 10000100
37 01000100
38 11000100
39 11000100
40 11000100
41 00100100
42 10100100
43 01100100
44 11100100
45 11100100
46 11100100
47 01100100
48 11100100
49 11100100
50 11100100
51 11100100
52 11100100
53 01100100
54 11100100
55 11100100
56 11100100
57 11100100
58 11100100
59 00010100
60 10010100
61 01010100
62 11010100
63 11010100
64 11010100
65 11010100
66 11010100
67 00110100
68 10110100
69 10110100
70 10110100
71 01110100
72 11110100
73 01110100
74 11110100
75 11110100
76 11110100
77 11110100
78 11110100
79 01110100
80 11110100
81 11110100
82 11110100
83 00110100
84 10110100
85 10110100
86 10110100
87 10110100
88 10110100
89 01110100
90 11110100
91 11110100
92 11110100
93 11110100
94 11110100
95 11110100
96 11110100
97 01110100
98 11110100
99 11110100
100 11110100
101 01110100
102 11110100
103 01110100
104 11110100
105 11110100
106 11110100
107 01110100
108 11110100
109 00110100
110 10110100
111 10110100
112 10110100
113 01110100
114 11110100
115 11110100
116 11110100
117 11110100
118 11110100
119 11110100
120 11110100
121 11110100
122 11110100
123 11110100
124 11110100
125 11110100
126 11110100
127 00000010
128 10000010
129 10000010
130 10000010
131 01000010
132 11000010
133 11000010
134 11000010
135 11000010
136 11000010
137 01000010
138 11000010
139 01000010
140 11000010
141 11000010
142 11000010
143 11000010
144 11000010
145 11000010
146 11000010
147 11000010
148 11000010
149 01000010
150 11000010
151 01000010
152 11000010
153 11000010
154 11000010
155 11000010
156 11000010
157 00100010
158 10100010
159 10100010
160 10100010
161 10100010
162 10100010
163 01100010
164 11100010
165 11100010
166 11100010
167 01100010
168 11100010
169 11100010
170 11100010
171 11100010
172 11100010
173 01100010
174 11100010
175 11100010
176 11100010
177 11100010
178 11100010
179 00010010
180 10010010
181 01010010
182 11010010
183 11010010
184 11010010
185 11010010
186 11010010
187 11010010
188 11010010
189 11010010
190 11010010
191 00110010
192 10110010
193 01110010
194 11110010
195 11110010
196 11110010
197 01110010
198 11110010
199 01110010
200 11110010
201 11110010
202 11110010
203 11110010
204 11110010
205 11110010
206 11110010
207 11110010
208 11110010
209 11110010
210 11110010
211 00110010
212 10110010
213 10110010
214 10110010
215 10110010
216 10110010
217 10110010
218 10110010
219 10110010
220 10110010
221 10110010
222 10110010
223 01110010
224 11110010
225 11110010
226 11110010
227 01110010
228 11110010
229 01110010
230 11110010
231 11110010
232 11110010
233 01110010
234 11110010
235 11110010
236 11110010
237 11110010
238 11110010
239 01110010
240 11110010
241 00110010
242 10110010
243 10110010
244 10110010
245 10110010
246 10110010
247 10110010
248 10110010
249 10110010
250 10110010
251 01110010
252 11110010
253 11110010
254 11110010
255 11110010
256 11110010
257 01110010
258 11110010
259 11110010
260 11110010
261 11110010
262 11110010
263 01110010
264 11110010
265 11110010
266 11110010
267 11110010
268 11110010
269 01110010
270 11110010
271 01110010
272 11110010
273 11110010
274 11110010
275 11110010
276 11110010
277 00001010
278 10001010
279 10001010
280 10001010
281 01001010
282 11001010
283 00101010
284 10101010
285 10101010
286 10101010
287 10101010
288 10101010
289 10101010
290 10101010
291 10101010
292 10101010
293 01101010
294 11101010
295 11101010
296 11101010
297 11101010
298 11101010
299 11101010
300 11101010
301 11101010
302 11101010
303 11101010
304 11101010
305 11101010
306 11101010
307 01101010
308 11101010
309 11101010
310 11101010
311 01101010
312 11101010
313 01101010
314 11101010
315 11101010
316 11101010
317 01101010
318 11101010
319 11101010
320 11101010
321 11101010
322 11101010
323 11101010
324 11101010
325 11101010
326 11101010
327 11101010
328 11101010
329 11101010
330 11101010
331 00011010
332 10011010
333 10011010
334 10011010
335 10011010
336 10011010
337 01011010
338 11011010
339 11011010
340 11011010
341 11011010
342 11011010
343 11011010
344 11011010
345 11011010
346 11011010
347 01011010
348 11011010
349 01011010
350 11011010
351 11011010
352 11011010
353 00111010
354 10111010
355 10111010
356 10111010
357 10111010
358 10111010
359 01111010
360 11111010
361 11111010
362 11111010
363 11111010
364 11111010
365 11111010
366 11111010
367 00111010
368 10111010
369 10111010
370 10111010
371 10111010
372 10111010
373 01111010
374 11111010
375 11111010
376 11111010
377 11111010
378 11111010
379 01111010
380 11111010
381 11111010
382 11111010
383 01111010
384 11111010
385 11111010
386 11111010
387 11111010
388 11111010
389 01111010
390 11111010
391 11111010
392 11111010
393 11111010
394 11111010
395 11111010
396 11111010
397 01111010
398 11111010
399 11111010
400 11111010
401 00111010
402 10111010
403 10111010
404 10111010
405 10111010
406 10111010
407 10111010
408 10111010
409 01111010
410 11111010
411 11111010
412 11111010
413 11111010
414 11111010
415 11111010
416 11111010
417 11111010
418 11111010
419 01111010
420 11111010
421 01111010
422 11111010
423 11111010
424 11111010
425 11111010
426 11111010
427 11111010
428 11111010
429 11111010
430 11111010
431 00011010
432 10011010
433 01011010
434 11011010
435 11011010
436 11011010
437 11011010
438 11011010
439 01011010
440 11011010
441 11011010
442 11011010
443 01011010
444 11011010
445 11011010
446 11011010
447 11011010
448 11011010
449 01011010
450 11011010
451 11011010
452 11011010
453 11011010
454 11011010
455 11011010
456 11011010
457 01011010
458 11011010
459 11011010
460 11011010
461 00111010
462 10111010
463 01111010
464 11111010
465 11111010
466 11111010
467 01111010
468 11111010
469 11111010
470 11111010
471 11111010
472 11111010
473 11111010
474 11111010
475 11111010
476 11111010
477 11111010
478 11111010
479 01111010
480 11111010
481 11111010
482 11111010
483 11111010
484 11111010
485 11111010
486 11111010
487 01111010
488 11111010
489 11111010
490 11111010
491 01111010
492 11111010
493 11111010
494 11111010
495 11111010
496 11111010
497 11111010
498 11111010
499 01111010
500 11111010
501 11111010
502 11111010
503 01111010
504 11111010
505 11111010
506 11111010
507 11111010
508 11111010
509 00111010
510 10111010
511 10111010
512 10111010
513 10111010
514 10111010
515 10111010
516 10111010
517 10111010
518 10111010
519 10111010
520 10111010
521 01111010
522 11111010
523 01111010
524 11111010
525 11111010
526 11111010
527 11111010
528 11111010
529 11111010
530 11111010
531 11111010
532 11111010
533 11111010
534 11111010
535 11111010
536 11111010
537 11111010
538 11111010
539 11111010
540 11111010
541 01111010
542 11111010
543 11111010
544 11111010
545 11111010
546 11111010
547 00111010
548 10111010
549 10111010
550 10111010
551 10111010
552 10111010
553 10111010
554 10111010
555 10111010
556 10111010
557 01111010
558 11111010
559 11111010
560 11111010
561 11111010
562 11111010
563 00111010
564 10111010
565 10111010
566 10111010
567 10111010
568 10111010
569 01111010
570 11111010
571 01111010
572 11111010
573 11111010
574 11111010
575 11111010
576 11111010
577 01111010
578 11111010
579 11111010
580 11111010
581 11111010
582 11111010
583 11111010
584 11111010
585 11111010
586 11111010
587 00111010
588 10111010
589 10111010
590 10111010
591 10111010
592 10111010
593 01111010
594 11111010
595 11111010
596 11111010
597 11111010
598 11111010
599 00011010
600 10011010
601 01011010
602 11011010
603 11011010
604 11011010
605 11011010
606 11011010
607 01011010
608 11011010
609 11011010
610 11011010
611 11011010
612 11011010
613 01011010
614 11011010
615 11011010
616 11011010
617 00111010
618 10111010
619 01111010
620 11111010
621 11111010
622 11111010
623 11111010
624 11111010
625 11111010
626 11111010
627 11111010
628 11111010
629 11111010
630 11111010
631 01111010
632 11111010
633 11111010
634 11111010
635 11111010
636 11111010
637 11111010
638 11111010
639 11111010
640 11111010
641 01111010
642 11111010
643 01111010
644 11111010
645 11111010
646 11111010
647 01111010
648 11111010
649 11111010
650 11111010
651 11111010
652 11111010
653 01111010
654 11111010
655 11111010
656 11111010
657 11111010
658 11111010
659 01111010
660 11111010
661 01111010
662 11111010
663 11111010
664 11111010
665 11111010
666 11111010
667 11111010
668 11111010
669 11111010
670 11111010
671 11111010
672 11111010
673 01111010
674 11111010
675 11111010
676 11111010
677 01111010
678 11111010
679 11111010
680 11111010
681 11111010
682 11111010
683 01111010
684 11111010
685 11111010
686 11111010
687 11111010
688 11111010
689 11111010
690 11111010
691 01111010
692 11111010
693 11111010
694 11111010
695 11111010
696 11111010
697 11111010
698 11111010
699 11111010
700 11111010
701 01111010
702 11111010
703 11111010
704 11111010
705 11111010
706 11111010
707 11111010
708 11111010
709 00000001
1 00000000 1
2 01000000 1
3 00100000 1
4 10100000 1
5 00010000 1
6 10010000 1
7 01010000 1
8 11010000 3  =11-8
11 00001000 1 
12 10001000 1
13 01001000 1
14 11001000 3 =17-14
17 00101000 1
18 10101000 1
19 01101000 3 =11-8
20 11101000 9 =31-20-(3-1)
31 00000100 1
32 10000100 5 =37-32
37 01000100 1
38 11000100 3 =41-3
41 00100100 1 
42 10100100 1
43 01100100 3 =
44 11100100 13
59 00010100 1
60 10010100 1
61 01010100 1
62 11010100 5
67 00110100 3
68 10110100 11
71 01110100 9
72 11110100 37
127 00000010 1
128 10000010 3
131 01000010 5
132 11000010 21
157 00100010 1
158 10100010 5
163 01100010 3
164 11100010 13
179 00010010 1
180 10010010 1
181 01010010 1
182 11010010 9
191 00110010 3
192 10110010 21
193 01110010 13
194 11110010 49
277 00001010 1
278 10001010 3
281 01001010 1
282 11001010 1
283 00101010 1
284 10101010 9
293 01101010 5
294 11101010 33
331 00011010 3
332 10011010 7
337 01011010 11
338 11011010 49
353 00111010 9
354 10111010 49
359 01111010 37
360 11111010 213
